T(K),V(uV),I(uA)
5.999637,-11022.478209,-5.1
6.000051,-10803.450109000001,-5.0
6.000776999999999,-10582.906727,-4.9
6.0011209999999995,-10362.713091,-4.8
6.000831,-10144.228273,-4.7
6.000605999999999,-9924.658615,-4.6
6.000319,-9707.030956999999,-4.5
5.9999519999999995,-9487.812340999999,-4.4
5.999817,-9270.979434,-4.3
5.999564,-9053.233603,-4.2
5.999394000000001,-8837.456333,-4.1
6.000209,-8620.660353,-4.0
6.000681,-8406.008711,-3.9
6.000605,-8189.795515000001,-3.8
6.000936,-7975.467475,-3.7
6.001212000000001,-7760.077205,-3.6
6.000453,-7546.53331,-3.5
5.999934,-7331.648676999999,-3.4
5.999475,-7118.742064,-3.3
5.999263,-6904.673142000001,-3.2
5.9993,-6692.770042,-3.1
5.999708999999999,-6479.762025999999,-3.0
5.9998569999999996,-6268.8918539999995,-2.9
5.999934,-6057.443914,-2.8
5.99995,-5848.542195,-2.7
5.9999150000000006,-5639.026709000001,-2.6
5.999682,-5432.031379,-2.5
5.999593,-5224.63399,-2.4
5.999694,-5019.667990999999,-2.3
5.999435,-4814.099443,-2.2
5.9992410000000005,-4610.9806659999995,-2.1
5.999607,-4408.351461,-2.0
5.9999839999999995,-4307.1973100000005,-1.95
6.000269,-4206.497426,-1.9
6.0009760000000005,-4105.86735,-1.85
6.001279,-4005.610155,-1.8
6.001,-3905.5181850000004,-1.75
6.0004290000000005,-3805.59061,-1.7
5.999949,-3706.052433,-1.65
5.999555,-3606.643967,-1.6
5.999579,-3507.5242670000002,-1.55
5.999665,-3408.6724700000004,-1.5
5.99974,-3310.098516,-1.45
5.9996529999999995,-3211.552534,-1.4
5.999619,-3113.379644,-1.35
5.99981,-3015.462955,-1.3
5.999384,-2917.922148,-1.25
5.9996849999999995,-2820.465921,-1.2
5.999798999999999,-2723.303947,-1.15
6.000255999999999,-2625.997531,-1.1
6.000106,-2529.3659620000003,-1.05
6.000417,-2431.992222,-1.0
6.000121,-2383.609923,-0.975
6.000175,-2334.866925,-0.95
5.999813,-2286.281155,-0.925
5.999751,-2237.4401559999997,-0.9
5.999489,-2188.5619699999997,-0.875
5.998964,-2139.583352,-0.85
5.999208,-2090.327576,-0.825
5.999512999999999,-2040.936089,-0.8
5.999996,-1991.571562,-0.775
6.000531,-1942.4402010000001,-0.75
6.001201,-1891.960242,-0.725
6.001005,-1841.270487,-0.7
6.000514,-1789.6846260000002,-0.675
6.0000480000000005,-1737.957887,-0.65
5.9996849999999995,-1686.1109390000001,-0.625
5.99938,-1633.4550470000001,-0.6
5.9992339999999995,-1580.584622,-0.575
5.999324,-1526.881887,-0.55
5.999714,-1472.2542460000002,-0.525
6.0,-1417.336003,-0.5
6.000321,-1361.251258,-0.475
6.000045,-1304.05927,-0.45
6.000234,-1245.020016,-0.425
6.00039,-1185.694117,-0.4
6.000339,-1124.823409,-0.375
6.000268,-1063.083202,-0.35
6.000891,-999.3080980000001,-0.325
6.001298,-933.2866349999999,-0.3
6.000744999999999,-866.38626,-0.275
6.00012,-797.531739,-0.25
6.0001690000000005,-726.53767,-0.225
6.000239,-653.4302349999999,-0.2
5.99948,-578.30309,-0.175
5.998894,-501.35932599999995,-0.15
5.999271,-421.41485,-0.125
5.999505999999999,-339.939767,-0.1
5.9996540000000005,-256.99951,-0.075
6.000036,-172.297461,-0.05
6.0007269999999995,-86.240493,-0.025
6.000994,0.158065,-0.0
6.000476,86.442874,0.025
5.99972,172.293205,0.05
5.999502,256.998219,0.075
5.999166000000001,340.20185699999996,0.1
5.999261,421.90790899999996,0.125
5.999651999999999,501.382945,0.15
5.999724,578.693681,0.175
5.999719,653.937192,0.2
6.000353,725.736275,0.225
6.000014,795.699388,0.25
5.999707,865.160555,0.275
6.000155,932.411784,0.3
6.000493,997.074864,0.325
5.999796,1061.127301,0.35
5.999437,1123.604378,0.375
5.99943,1184.3167310000001,0.4
5.99965,1243.8239429999999,0.425
5.9995,1302.5790140000001,0.45
5.999924,1359.8761279999999,0.475
6.000442,1416.120022,0.5
6.000673,1470.938837,0.525
6.000401999999999,1525.875844,0.55
5.999736,1579.624065,0.575
5.999441,1632.664336,0.6
5.99965,1685.315319,0.625
5.999502,1737.120977,0.65
5.999388,1789.4704579999998,0.675
6.000329,1839.979093,0.7
6.000775,1889.931041,0.725
6.000102,1940.584623,0.75
6.000369999999999,1990.2938,0.775
6.000273,2039.626735,0.8
5.999962,2088.985515,0.825
5.999736,2138.450743,0.85
5.999827,2187.134356,0.875
5.999708999999999,2236.32714,0.9
5.9995970000000005,2284.923032,0.925
5.999401,2333.690952,0.95
5.999426000000001,2382.325007,0.975
5.999468,2430.6985329999998,1.0
5.999751,2527.84583,1.05
6.000225,2624.904814,1.1
6.00057,2722.171852,1.15
6.001542,2819.309869,1.2
6.001787,2916.6744120000003,1.25
6.001291,3014.304558,1.3
6.0009440000000005,3112.377459,1.35
6.000513,3210.544726,1.4
5.999352,3309.1593989999997,1.45
5.998787999999999,3407.9940850000003,1.5
5.998613,3506.6534439999996,1.55
5.998922,3605.800625,1.6
5.999422,3705.2155810000004,1.65
5.999882,3804.7559950000004,1.7
6.000471,3904.7041630000003,1.75
6.000751999999999,4004.644404,1.8
6.000676,4105.002388,1.85
6.000234,4205.572825,1.9
6.000072,4306.536145,1.95
5.999846,4407.670289,2.0
5.999886,4610.490713,2.1
5.999833,4815.697795,2.2
5.999785,5019.9712850000005,2.3
5.9997300000000005,5226.635483,2.4
5.999321,5432.803036,2.5
5.9992,5641.752254999999,2.6
5.9990440000000005,5849.937675,2.7
5.998973,6060.882054,2.8
5.999328,6271.089186,2.9
5.999962,6483.957743999999,3.0
6.000138,6695.911322,3.1
6.00015,6909.924658,3.2
6.000065,7124.587025,3.3
5.9998569999999996,7338.082955,3.4
5.9997739999999995,7553.436301000001,3.5
5.999862,7767.615114,3.6
5.99986,7983.765987999999,3.7
6.000243,8198.972626,3.8
6.000397,8415.811731,3.9
6.000102,8631.43224,4.0
6.000044,8849.199305,4.1
6.000088,9065.827264,4.2
5.999871,9284.468094,4.3
5.999576,9502.149415,4.4
5.999589,9722.51471,4.5
5.999504,9941.32288,4.6
5.999512,10162.030364,4.7
5.999697,10381.745818000001,4.8
6.000033,10603.273936,4.9
6.000044,10823.437045,5.0
